777
777
666
666
666
666
BBB
BBB
AAA
AAA
777
777
777
777
AAA
AAA
AAA
AAA
777
777
666
666
555
555
555
555
666
666
AAA
AAA
BBB
BBB
777
777
666
666
666
666
BBB
BBB
AAA
AAA
777
777
777
777
AAA
AAA
AAA
AAA
777
777
666
666
555
555
555
555
666
666
AAA
AAA
BBB
BBB
888
888
666
666
AAA
AAA
AAA
AAA
888
888
666
666
AAA
AAA
888
888
BBB
BBB
888
888
888
888
666
666
666
666
AAA
AAA
777
777
777
777
888
888
666
666
AAA
AAA
AAA
AAA
888
888
666
666
AAA
AAA
888
888
BBB
BBB
888
888
888
888
666
666
666
666
AAA
AAA
777
777
777
777
666
666
AAA
AAA
777
777
777
777
777
777
555
555
AAA
AAA
999
999
777
777
777
777
888
888
555
555
666
666
666
666
999
999
888
888
666
666
AAA
AAA
777
777
777
777
777
777
555
555
AAA
AAA
999
999
777
777
777
777
888
888
555
555
666
666
666
666
999
999
888
888
666
666
666
666
999
999
777
777
777
777
555
555
777
777
888
888
888
888
777
777
555
555
555
555
AAA
AAA
666
666
666
666
555
555
666
666
666
666
999
999
777
777
777
777
555
555
777
777
888
888
888
888
777
777
555
555
555
555
AAA
AAA
666
666
666
666
555
555
999
999
AAA
AAA
555
555
555
555
555
555
555
555
666
666
777
777
555
555
555
555
AAA
AAA
999
999
777
777
777
777
666
666
666
666
999
999
AAA
AAA
555
555
555
555
555
555
555
555
666
666
777
777
555
555
555
555
AAA
AAA
999
999
777
777
777
777
666
666
666
666
AAA
AAA
777
777
777
777
AAA
AAA
AAA
AAA
AAA
AAA
666
666
555
555
666
666
BBB
BBB
999
999
777
777
888
888
777
777
888
888
666
666
AAA
AAA
777
777
777
777
AAA
AAA
AAA
AAA
AAA
AAA
666
666
555
555
666
666
BBB
BBB
999
999
777
777
888
888
777
777
888
888
666
666
777
777
888
888
555
555
999
999
888
888
777
777
777
777
666
666
666
666
666
666
777
777
888
888
888
888
999
999
555
555
555
555
777
777
888
888
555
555
999
999
888
888
777
777
777
777
666
666
666
666
666
666
777
777
888
888
888
888
999
999
555
555
555
555
777
777
777
777
777
777
555
555
444
444
444
444
555
555
888
888
AAA
AAA
888
888
555
555
666
666
777
777
555
555
555
555
666
666
777
777
777
777
777
777
555
555
444
444
444
444
555
555
888
888
AAA
AAA
888
888
555
555
666
666
777
777
555
555
555
555
666
666
666
666
AAA
AAA
AAA
AAA
AAA
AAA
888
888
555
555
AAA
AAA
999
999
AAA
AAA
AAA
AAA
999
999
666
666
999
999
888
888
666
666
666
666
666
666
AAA
AAA
AAA
AAA
AAA
AAA
888
888
555
555
AAA
AAA
999
999
AAA
AAA
AAA
AAA
999
999
666
666
999
999
888
888
666
666
666
666
666
666
777
777
888
888
777
777
888
888
555
555
666
666
777
777
AAA
AAA
AAA
AAA
666
666
777
777
444
444
666
666
AAA
AAA
AAA
AAA
666
666
777
777
888
888
777
777
BBB
FFF
555
555
666
666
777
777
AAA
AAA
AAA
AAA
666
666
777
777
444
444
666
666
AAA
AAA
AAA
AAA
555
555
555
555
888
888
EEE
DDD
DDD
DDD
DDD
EEE
666
666
666
666
555
555
777
FFF
EEE
DDD
DDD
DDD
EEE
FFF
AAA
AAA
AAA
AAA
888
888
555
555
555
555
888
EEE
DDD
DDD
DDD
DDD
EEE
EEE
EEF
666
666
666
555
555
888
DDD
DCC
DDD
EDD
EEE
EEE
EEE
EEE
AAA
AAA
AAA
888
888
555
555
666
666
FFF
DDD
DCC
DDD
DDD
EEE
EEE
EEE
FFF
EEE
888
888
777
777
DDD
DCC
DCC
DDD
DDD
EDE
EEE
EEE
FFF
888
999
999
777
777
555
555
666
666
DDD
CCC
CCC
777
000
000
000
EEE
EEE
FFF
888
888
777
FFF
EEE
CCC
CCC
000
000
000
EEE
EEE
FFF
FFF
999
999
777
777
666
666
999
999
DDD
CCC
888
000
000
000
000
000
EEE
FFF
BBB
888
AAA
EEE
DDD
CCC
000
000
000
000
000
EEE
FFF
EEE
888
888
555
555
666
666
999
999
DDD
CBB
000
000
000
000
000
000
EEE
EEE
888
888
AAA
FFF
EEE
988
000
000
000
000
000
000
FFF
EEE
888
888
555
555
AAA
AAA
AAA
AAA
BBB
EEE
000
000
000
000
000
000
EDD
EEE
666
666
777
777
EEE
544
000
000
000
000
000
000
EEE
FFF
777
777
555
555
AAA
AAA
AAA
AAA
888
DDD
655
000
000
000
000
000
DDD
EEE
666
666
777
777
DDD
CCC
000
000
000
000
000
DDD
EEE
888
777
777
555
555
666
666
888
888
AAA
AAA
DDD
AAA
000
000
000
CCD
EEE
777
555
555
555
555
555
DDD
BBB
000
000
000
666
EEE
555
555
555
555
666
666
666
666
888
888
AAA
AAA
777
777
EEE
EEE
EEE
777
777
777
555
555
555
555
555
555
777
EEE
EEE
EEE
EEE
666
555
555
555
555
666
666
888
888
555
555
777
777
888
888
777
777
555
555
666
666
AAA
AAA
777
777
777
777
555
555
666
666
AAA
AAA
AAA
AAA
666
666
888
888
888
888
555
555
777
777
888
888
777
777
555
555
666
666
AAA
AAA
777
777
777
777
555
555
666
666
AAA
AAA
AAA
AAA
666
666
888
888
