777
777
666
666
666
666
BBB
BBB
AAA
AAA
777
777
777
777
AAA
AAA
AAA
AAA
777
777
666
666
555
555
555
555
666
666
AAA
AAA
BBB
BBB
777
777
666
666
666
666
BBB
BBB
AAA
AAA
777
777
777
777
AAA
AAA
AAA
AAA
777
777
666
666
555
555
555
555
666
666
AAA
AAA
BBB
BBB
888
888
666
666
AAA
AAA
AAA
EEE
EEE
DEE
EEE
666
AAA
AAA
888
888
BBB
BBB
888
888
FFF
EEE
EEE
EEE
EEE
666
AAA
AAA
777
777
777
777
888
888
666
666
AAA
FFF
DDD
000
000
000
000
DDD
DDD
AAA
888
888
BBB
BBB
888
EEE
DDD
000
000
000
111
DDD
AAA
AAA
777
777
777
777
666
666
AAA
AAA
777
EEE
000
000
000
000
000
000
DDD
DDD
999
999
777
777
EEE
DDD
000
000
000
000
000
555
DDD
666
999
999
888
888
666
666
AAA
AAA
EEE
EEE
000
000
000
000
000
000
BBB
CCC
999
999
777
777
EEE
EEE
000
000
000
000
000
000
EDE
CCC
999
999
888
888
666
666
666
666
EEE
FFF
000
000
000
000
000
000
BBB
EEE
888
888
888
BBB
FFF
EEE
000
000
000
000
000
000
CBB
DDD
666
666
555
555
666
666
666
666
EEE
FFF
FFF
000
000
000
000
000
CCC
EEE
888
888
888
FFF
FFF
EEE
000
000
000
000
000
BBB
CCC
CCC
666
666
555
555
999
999
AAA
AAA
EEE
FFF
EEE
FFF
000
000
000
CCC
CCC
DDD
777
777
555
555
EEE
EEE
EEE
000
000
000
CCC
CCC
CCC
DDD
666
666
666
666
999
999
AAA
AAA
FFF
FFF
EEE
EEE
EDE
DDD
DDD
DCC
DCD
EEE
777
777
555
555
EEE
FFF
EEE
EEE
DDD
DDD
DDD
CCC
EEE
777
666
666
666
666
AAA
AAA
777
777
777
EEE
EEE
EEE
EDE
DDD
DDD
DDD
DDD
666
555
555
666
666
BBB
EEE
EEE
EEE
DDD
DDD
DDD
DDD
EEE
777
888
888
666
666
AAA
AAA
777
777
777
777
DDD
EEE
DDD
DDD
DDD
EEE
666
666
555
555
666
666
BBB
BBB
DDE
EEE
DDD
DDD
DDD
EEE
777
777
888
888
666
666
777
777
888
888
555
555
999
999
888
888
777
777
777
777
666
666
666
666
666
666
777
777
888
888
888
888
999
999
555
555
555
555
777
777
888
888
555
555
999
999
888
888
777
777
777
777
666
666
666
666
666
666
777
777
888
888
888
888
999
999
555
555
555
555
777
777
777
777
777
777
555
555
444
444
444
444
555
555
888
888
AAA
AAA
888
888
555
555
666
666
777
777
555
555
555
555
666
666
777
777
777
777
777
777
555
555
444
444
444
444
555
555
888
888
AAA
AAA
888
888
555
555
666
666
777
777
555
555
555
555
666
666
666
666
AAA
AAA
AAA
AAA
AAA
AAA
888
888
555
555
AAA
AAA
999
999
AAA
AAA
AAA
AAA
999
999
666
666
999
999
888
888
666
666
666
666
666
666
AAA
AAA
AAA
AAA
AAA
AAA
888
888
555
555
AAA
AAA
999
999
AAA
AAA
AAA
AAA
999
999
666
666
999
999
888
888
666
666
666
666
666
666
777
777
888
888
777
777
888
888
555
555
666
666
777
777
AAA
AAA
AAA
AAA
666
666
777
777
444
444
666
666
AAA
AAA
AAA
AAA
666
666
777
777
888
888
777
777
888
888
555
555
666
666
777
777
AAA
AAA
AAA
AAA
666
666
777
777
444
444
666
666
AAA
AAA
AAA
AAA
555
555
555
555
888
888
777
777
555
555
666
666
666
666
666
666
555
555
777
777
777
777
555
555
666
666
AAA
AAA
AAA
AAA
888
888
555
555
555
555
888
888
777
777
555
555
666
666
666
666
666
666
555
555
777
777
777
777
555
555
666
666
AAA
AAA
AAA
AAA
888
888
555
555
666
666
555
555
555
555
666
666
AAA
AAA
AAA
AAA
888
888
777
777
555
555
666
666
666
666
AAA
AAA
888
888
999
999
777
777
555
555
666
666
555
555
555
555
666
666
AAA
AAA
AAA
AAA
888
888
777
777
555
555
666
666
666
666
AAA
AAA
888
888
999
999
777
777
666
666
999
999
999
999
999
999
555
555
777
777
AAA
AAA
888
888
AAA
AAA
AAA
AAA
666
666
666
666
AAA
AAA
888
888
888
888
555
555
666
666
999
999
999
999
999
999
555
555
777
777
AAA
AAA
888
888
AAA
AAA
AAA
AAA
666
666
666
666
AAA
AAA
888
888
888
888
555
555
AAA
AAA
AAA
AAA
888
888
888
888
666
666
666
666
555
555
666
666
777
777
888
888
777
777
666
666
777
777
888
888
777
777
555
555
AAA
AAA
AAA
AAA
888
888
888
888
666
666
666
666
555
555
666
666
777
777
888
888
777
777
666
666
777
777
888
888
777
777
555
555
666
666
888
888
AAA
AAA
777
777
777
777
777
777
777
777
555
555
555
555
555
555
777
777
666
666
666
666
555
555
555
555
666
666
666
666
888
888
AAA
AAA
777
777
777
777
777
777
777
777
555
555
555
555
555
555
777
777
666
666
666
666
555
555
555
555
666
666
888
888
555
555
777
777
888
888
777
777
555
555
666
666
AAA
AAA
777
777
777
777
555
555
666
666
AAA
AAA
AAA
AAA
666
666
888
888
888
888
555
555
777
777
888
888
777
777
555
555
666
666
AAA
AAA
777
777
777
777
555
555
666
666
AAA
AAA
AAA
AAA
666
666
888
888
