777
777
666
666
666
666
BBB
BBB
AAA
AAA
777
777
777
777
AAA
AAA
AAA
AAA
777
777
666
666
555
555
555
555
666
666
AAA
AAA
BBB
BBB
777
777
666
666
666
666
BBB
BBB
AAA
AAA
777
777
777
777
AAA
AAA
AAA
AAA
777
777
666
666
555
555
555
555
666
666
AAA
AAA
BBB
BBB
888
888
666
666
AAA
AAA
AAA
AAA
888
888
666
666
AAA
AAA
888
888
BBB
BBB
888
888
888
888
666
666
666
666
AAA
AAA
777
777
777
777
888
888
666
666
AAA
AAA
AAA
AAA
888
888
666
666
AAA
AAA
888
888
BBB
BBB
888
888
888
888
666
666
666
666
AAA
AAA
777
777
777
777
666
666
AAA
AAA
777
777
777
777
777
777
555
555
AAA
AAA
999
999
777
777
777
777
888
888
555
555
666
666
666
666
999
999
888
888
666
666
AAA
AAA
777
777
777
777
777
777
555
555
AAA
AAA
999
999
777
777
777
777
888
888
555
555
666
666
666
666
999
999
888
888
666
666
666
666
999
999
777
777
777
777
555
555
777
777
888
888
888
888
777
777
555
555
555
555
AAA
AAA
666
666
666
666
555
555
666
666
666
666
999
999
777
777
777
777
555
555
777
777
888
888
888
888
777
777
555
555
555
555
AAA
AAA
666
666
666
666
555
555
999
999
AAA
AAA
555
555
555
555
555
555
555
555
666
666
777
777
555
555
555
555
AAA
AAA
999
999
777
777
777
777
666
666
666
666
999
999
AAA
AAA
555
555
555
555
555
555
555
555
666
666
777
777
555
555
555
555
AAA
AAA
999
999
777
777
777
777
666
666
666
666
AAA
AAA
777
777
777
777
AAA
AAA
AAA
AAA
AAA
AAA
666
666
555
555
666
666
BBB
BBB
999
999
777
777
888
888
777
777
888
888
666
666
AAA
AAA
777
777
777
777
AAA
AAA
AAA
AAA
AAA
AAA
666
666
555
555
666
666
BBB
BBB
999
999
777
777
888
888
777
777
888
888
666
666
777
777
888
888
555
555
999
999
888
888
777
777
777
777
666
666
666
666
666
666
777
777
888
888
888
888
999
999
555
555
555
555
777
777
888
888
555
555
999
999
888
888
777
777
777
777
666
666
666
666
666
666
777
777
888
888
888
888
999
999
555
555
555
555
777
777
777
777
777
777
555
555
444
444
444
444
555
555
888
888
AAA
AAA
888
888
555
555
666
666
777
777
555
555
555
555
666
666
777
777
777
777
777
777
555
555
444
444
444
444
555
555
888
888
AAA
AAA
888
888
555
555
666
666
777
777
555
555
555
555
666
666
454
666
AAA
AAA
AAA
AAA
AAA
AAA
888
888
555
555
AAA
AAA
999
999
AAA
AAA
AAA
AAA
999
999
666
666
999
999
888
888
666
666
666
454
232
666
AAA
AAA
AAA
AAA
AAA
AAA
888
888
555
555
AAA
AAA
999
999
AAA
AAA
AAA
AAA
999
999
666
666
999
999
888
888
666
666
666
342
130
666
777
777
888
888
999
BBC
DDD
DDD
BBC
888
666
666
777
777
AAA
AAA
AAA
AAA
888
BBB
DDD
DDD
BBC
888
666
666
AAA
AAA
AAA
130
130
443
777
777
888
BBB
DDE
DDE
DDE
DDE
DDE
DDE
BBC
777
777
777
AAA
AAA
AAA
CCC
DDE
DDE
DDE
DDE
DDE
DDE
BBC
777
AAA
AAA
676
130
240
240
555
555
BBB
EEE
DDE
DDE
DDE
DDE
DDE
DDE
EDE
CCC
666
666
555
555
BBB
EEE
DDE
DDE
DDE
DDE
DDE
DDE
EDE
DDD
AAA
AAA
231
130
240
240
443
777
EEE
EEE
DDE
DDE
DDE
DDE
DDE
DDE
DDE
DDE
AAA
666
555
777
EEE
EEE
DDE
DDE
DDE
DDE
DDE
DDE
DDE
DDE
CCC
777
130
130
130
130
130
BBB
EEF
DDE
DDE
DDE
DDE
DDE
DDE
DDE
DDE
EEE
CCD
888
777
BBB
EEF
DDE
DDE
DDE
DDE
DDE
DDE
DDE
DDE
EEE
CCD
241
130
130
130
130
130
CCD
EEF
DDE
DDE
CCD
888
556
888
BBC
DDE
EDE
DDE
888
777
DDD
EEF
DDE
DDE
CCD
888
556
888
BBC
DDE
EDE
DDE
140
130
130
130
130
130
CCD
EEF
DDE
CCD
445
111
111
111
444
CCC
DDE
DDE
888
AAA
DDE
EEF
DDE
CCD
445
111
111
111
444
CCC
DDE
DDE
120
140
140
130
130
130
BBB
EEF
DDE
99A
111
111
111
111
111
889
DDE
DDD
888
AAA
DDD
EEF
DDE
99A
111
111
111
111
111
889
DDE
CCD
020
140
140
240
240
240
777
EEF
DDE
888
111
111
111
111
111
778
DDE
AAB
666
777
999
EEF
DDE
888
111
111
111
111
111
778
DDE
AAA
130
140
140
250
250
240
241
BBC
EEE
AAA
111
111
111
111
111
AAA
CCD
777
666
777
777
CCC
EEE
AAA
111
111
111
111
111
AAA
CCD
454
130
130
140
120
120
250
250
454
BBC
DDD
777
112
111
212
667
BBC
999
555
555
555
555
666
CCC
DDD
777
112
111
212
667
BBC
676
240
240
250
250
120
120
250
250
130
231
889
BBB
99A
889
99A
AAA
888
777
555
555
555
555
555
666
AAA
BBC
9AA
889
889
899
464
240
240
240
250
250
250
250
130
130
130
130
130
130
250
250
353
555
666
666
AAA
AAA
777
777
777
777
454
342
250
250
140
140
140
140
130
130
130
130
250
250
130
130
130
130
130
130
250
250
250
250
342
454
999
AAA
777
777
565
343
130
130
250
250
130
140
140
140
130
130
130
130
