582
582
472
472
582
582
572
572
472
472
472
472
582
582
361
361
472
472
582
582
582
582
472
472
582
582
361
361
592
592
462
462
582
582
472
472
582
582
572
572
472
472
472
472
582
582
361
361
472
472
582
582
582
582
472
472
582
582
361
361
592
592
462
462
472
472
582
582
592
592
361
361
472
472
582
582
472
472
572
572
472
472
582
582
582
582
472
472
592
692
362
362
472
472
582
582
472
472
582
582
592
592
361
361
472
472
582
582
472
472
572
572
472
472
582
582
582
582
472
472
592
692
362
362
472
472
582
582
472
472
462
462
582
582
582
582
462
462
461
461
582
582
462
462
582
720
720
582
582
582
572
572
582
582
582
582
361
361
572
572
472
472
462
462
582
582
582
582
462
462
461
361
582
582
462
462
7A5
720
720
582
582
582
572
572
592
582
582
582
361
361
572
572
582
582
472
472
472
472
582
582
472
472
472
472
461
462
582
582
730
520
520
362
472
472
582
582
582
582
572
472
582
582
462
462
582
582
472
472
472
472
582
582
472
472
472
472
362
461
582
482
720
461
362
362
472
472
582
582
582
582
472
572
582
582
462
462
462
462
472
472
462
462
582
582
582
582
582
582
582
582
472
472
720
582
582
582
593
593
472
472
582
582
462
472
593
593
472
472
462
462
472
472
462
462
582
582
582
582
582
911
911
911
720
720
520
720
720
720
720
593
472
472
582
582
472
472
592
593
472
472
572
572
472
472
462
461
472
472
911
B11
B11
F99
F99
B11
520
520
911
D12
D12
B11
B11
720
720
720
472
472
582
582
472
472
472
472
572
572
472
472
462
462
472
472
911
B11
B11
F99
F99
B11
520
520
911
D12
D12
B11
B11
720
720
720
472
472
582
582
472
472
472
472
592
592
472
472
472
472
911
911
B11
F12
F12
F56
F56
F99
F99
F99
F99
F56
F56
F12
F12
B11
720
720
720
462
472
472
462
462
462
462
592
592
472
472
472
472
911
911
B11
F12
F12
F56
F56
F99
F99
F99
F99
F56
F56
F12
F12
B11
720
720
720
472
472
472
462
462
462
461
472
472
482
482
472
472
911
911
B11
F12
F12
F12
F12
F12
F12
F12
F12
F12
F12
D12
D12
F12
B11
B11
720
583
582
582
462
462
462
462
472
472
482
482
472
472
911
911
B11
D12
D12
F12
F12
D12
F12
F12
D12
D12
D12
D12
D12
F12
D12
D12
500
583
582
582
462
462
462
462
362
362
472
472
582
582
911
911
B11
D12
D12
F12
F12
D12
F12
F12
D12
D12
D12
D12
D12
F12
D12
D12
500
694
461
461
582
582
582
572
362
362
472
472
582
582
720
720
B11
B11
B11
D12
D12
D12
B11
B11
B11
D12
D12
B11
B11
F12
D12
D12
500
694
461
461
582
582
572
572
472
472
582
582
361
361
720
720
B11
B11
B11
B11
B11
B11
B11
B11
D12
B11
B11
B11
B11
F12
B11
B11
500
573
582
582
472
472
472
472
472
472
582
582
361
361
720
720
B11
B11
B11
B11
B11
B11
B11
B11
D12
B11
B11
B11
B11
F12
B11
B11
500
684
582
582
472
472
472
472
582
582
572
572
472
472
582
582
720
B11
B11
B11
B11
D12
B11
B11
B11
B11
B11
D12
D12
B11
500
500
582
582
362
362
472
472
462
462
582
582
572
572
472
472
582
582
720
B11
B11
B11
B11
D12
B11
B11
B11
B11
B11
D12
D12
B11
500
500
582
582
362
362
472
472
462
462
462
462
362
362
582
582
582
582
720
911
911
B11
B11
B11
B11
B11
D12
D12
D12
B11
B11
911
500
500
582
582
472
472
572
572
472
472
462
462
362
362
582
582
582
582
461
500
500
911
911
B11
911
911
911
B11
B11
911
911
500
461
461
582
582
472
472
572
472
472
472
472
472
472
472
462
462
482
482
472
500
500
911
911
B11
911
911
911
B11
B11
911
911
500
582
582
572
572
462
462
361
361
482
482
472
472
472
472
462
462
482
482
472
472
582
500
500
720
720
720
720
500
500
500
511
362
582
582
572
572
461
461
361
361
482
482
582
582
582
582
361
361
582
582
582
582
582
582
462
462
582
582
472
472
462
462
582
582
472
472
472
472
582
582
462
462
472
472
582
582
582
582
361
361
582
582
582
582
582
582
462
462
582
582
472
472
462
462
582
582
472
472
472
472
582
582
462
462
472
472
462
462
582
582
462
462
462
462
461
461
472
472
582
582
592
592
582
582
472
472
462
461
572
572
472
472
582
582
582
582
582
582
362
362
582
582
462
462
462
462
461
461
472
472
583
583
592
592
582
582
472
472
462
462
572
572
472
472
582
582
582
582
582
582
592
592
472
472
472
472
462
462
592
582
582
582
472
472
472
472
592
592
361
361
472
472
582
582
472
472
472
472
472
472
472
472
592
592
472
472
472
472
462
462
592
582
582
582
472
472
472
472
592
592
361
361
472
472
582
582
472
472
472
472
472
472
472
472
