240
240
130
130
240
240
140
140
130
130
130
130
240
240
666
888
AAA
AAA
777
777
666
666
555
555
555
555
666
666
AAA
AAA
BBB
BBB
240
240
130
130
240
240
140
140
130
130
130
342
565
666
AAA
AAA
AAA
AAA
777
777
666
666
555
555
555
555
666
666
AAA
AAA
BBB
BBB
130
130
140
140
250
250
020
020
130
342
554
666
AAA
AAA
888
888
BBB
BBB
888
888
888
888
666
666
666
666
AAA
AAA
777
777
777
777
130
130
140
140
351
787
BBB
CCD
DDD
CCC
778
666
AAA
AAA
888
888
BBB
BBB
888
888
888
888
666
666
666
666
AAA
AAA
777
777
777
777
130
130
130
454
BBC
EEF
EEF
EEF
EEF
EEF
EEE
AAA
AAA
AAA
999
999
777
777
777
777
888
888
555
555
666
666
666
666
999
999
888
888
130
130
231
BBC
EEE
DDE
DDE
DDE
DDE
DDE
EEE
EEE
CCC
AAA
999
999
777
777
777
777
888
888
555
555
666
666
666
666
999
999
888
888
240
240
899
DDD
AAA
888
99A
CCD
DDE
DDE
DDE
DDE
DDE
999
888
888
888
888
777
777
555
555
555
555
AAA
AAA
666
666
666
666
555
555
240
240
BBB
777
111
111
111
445
CCD
DDE
DDE
DDE
DDE
BBC
888
888
888
888
777
777
555
555
555
555
AAA
AAA
666
666
666
666
555
555
130
130
9AA
112
111
111
111
111
888
DDE
DDE
DDE
DDE
CCD
777
777
555
555
555
555
AAA
AAA
999
999
777
777
777
777
666
666
666
666
130
231
899
111
111
111
111
111
556
DDE
DDE
DDE
DDE
CCD
777
777
555
555
555
555
AAA
AAA
999
999
777
777
777
777
666
666
666
666
140
888
99A
212
111
111
111
111
888
DDE
DDE
DDE
DDE
CCC
555
555
666
666
BBB
BBB
999
999
777
777
888
888
777
777
888
888
666
666
352
AAA
AAA
667
111
111
111
444
BBC
DDE
DDE
DDE
DDE
888
555
555
666
666
BBB
BBB
999
999
777
777
888
888
777
777
888
888
666
666
564
777
889
BBC
AAA
778
889
CCC
DDE
DDE
DDE
EDE
CCC
888
666
666
666
666
666
666
777
777
888
888
888
888
999
999
555
555
555
555
666
777
888
99A
CCD
DDE
DDE
DDE
EDE
EEE
DDE
CCC
888
777
666
666
666
666
666
666
777
777
888
888
888
888
999
999
555
555
555
555
777
777
777
777
888
BBB
CCD
DDE
DDE
CCC
999
555
555
555
888
888
AAA
AAA
888
888
555
555
666
666
777
777
555
555
555
555
666
666
777
777
777
777
777
777
555
555
444
444
444
444
555
555
888
888
AAA
AAA
888
888
555
555
666
666
777
777
555
555
555
555
666
666
666
666
AAA
AAA
AAA
AAA
AAA
AAA
888
888
555
555
AAA
AAA
999
999
AAA
AAA
AAA
AAA
999
999
666
666
999
999
888
888
666
666
666
666
555
666
AAA
AAA
AAA
BBB
DDD
DDE
DDD
BBC
777
555
AAA
AAA
999
999
AAA
AAA
AAA
AAA
999
999
666
666
999
999
888
888
666
666
666
666
555
666
777
888
CCC
EEF
EEF
EEF
EEF
EEF
EEE
AAA
666
666
777
777
AAA
AAA
AAA
AAA
666
666
777
777
444
444
666
666
AAA
AAA
AAA
AAA
444
666
888
CCD
EEE
DDE
DDE
DDE
DDE
DDE
EEE
EEE
AAB
666
777
777
AAA
AAA
AAA
AAA
666
666
777
777
444
444
666
666
AAA
AAA
AAA
AAA
241
555
99A
DDD
AAA
888
99A
CCD
DDE
DDE
DDE
DDE
DDE
777
666
666
555
555
777
777
777
777
555
555
666
666
AAA
AAA
AAA
AAA
888
888
240
453
BBC
777
111
111
111
445
CCD
DDE
DDE
DDE
DDE
BBB
666
666
555
555
777
777
777
777
555
555
666
666
AAA
AAA
AAA
AAA
888
888
130
130
9AA
112
111
111
111
111
888
DDE
DDE
DDE
DDE
DDE
888
888
777
777
555
555
666
666
666
666
AAA
AAA
888
888
999
999
777
777
130
130
889
111
111
111
111
111
556
DDE
DDE
DDE
DDE
DDE
888
888
777
777
555
555
666
666
666
666
AAA
AAA
888
888
999
999
777
777
130
130
889
212
111
111
111
111
888
DDE
DDE
DDE
DDE
DDD
888
888
AAA
AAA
AAA
AAA
666
666
666
666
AAA
AAA
888
888
888
888
555
555
130
130
899
667
111
111
111
444
BBC
DDE
DDE
DDE
DDE
BBB
888
888
AAA
AAA
AAA
AAA
666
666
666
666
AAA
AAA
888
888
888
888
555
555
240
240
454
BBC
AAA
778
889
CCC
DDE
DDE
DDE
EDE
BBC
555
666
666
777
777
888
888
777
777
666
666
777
777
888
888
777
777
555
555
250
250
240
676
CCD
DDE
DDE
DDE
EDE
EEE
DDE
CCC
666
555
666
666
777
777
888
888
777
777
666
666
777
777
888
888
777
777
555
555
120
120
250
250
454
AAA
CCD
DDE
DDE
CCD
AAB
888
777
777
555
555
555
555
555
555
777
777
666
666
666
666
555
555
555
555
666
666
120
120
250
250
130
130
130
130
130
232
666
777
777
777
555
555
555
555
555
555
777
777
666
666
666
666
555
555
555
555
666
666
250
250
130
130
130
130
130
130
250
250
250
251
454
666
AAA
AAA
777
777
777
777
555
555
666
666
AAA
AAA
AAA
AAA
666
666
888
888
250
250
130
130
130
130
130
130
250
250
250
250
140
140
666
888
777
777
777
777
555
555
666
666
AAA
AAA
AAA
AAA
666
666
888
888
