240
240
130
130
240
240
140
140
130
130
130
241
554
665
AAA
AAA
AAA
999
676
565
241
240
130
130
240
240
130
130
250
250
130
130
240
240
130
130
240
240
140
140
130
241
665
777
777
777
AAA
AAA
AAA
AAA
777
777
666
454
130
130
240
240
130
130
250
250
130
130
130
130
140
140
250
464
899
889
889
AAA
BBC
99A
AAA
AAA
888
888
BBB
BBB
888
999
AAB
99A
889
99A
BBB
899
231
030
130
130
240
240
130
130
140
140
676
BBC
667
212
111
112
777
DDD
CCD
AAA
888
888
BBB
BBB
AAA
BBC
667
212
111
112
777
DDD
BBC
454
130
130
240
240
130
130
130
454
CCD
AAA
111
111
111
111
111
AAA
EEE
CCD
999
999
777
888
CCD
AAA
111
111
111
111
111
AAA
EEE
BBC
231
020
140
140
130
130
130
AAA
DDE
778
111
111
111
111
111
888
DDE
EEF
AAA
999
777
BBB
DDE
778
111
111
111
111
111
888
DDE
EEF
677
020
140
140
240
240
130
CCD
DDE
889
111
111
111
111
111
99A
DDE
EEF
CCC
888
888
DDD
DDE
889
111
111
111
111
111
99A
DDE
EEF
BBB
250
130
130
240
240
130
DDE
DDE
CCC
444
111
111
111
445
CCD
DDE
EEF
DDD
888
888
DDE
DDE
CCC
444
111
111
111
445
CCD
DDE
EEF
CCD
250
130
130
130
130
130
DDE
EDE
DDE
BBC
888
556
888
CCD
DDE
DDE
EEF
DDD
777
555
DDE
EDE
DDE
BBC
888
556
888
CCD
DDE
DDE
EEF
CCD
250
140
130
130
130
343
DDD
EEE
DDE
DDE
DDE
DDE
DDE
DDE
DDE
DDE
EEF
BBC
777
555
CCD
EEE
DDE
DDE
DDE
DDE
DDE
DDE
DDE
DDE
EEF
BBB
351
140
130
140
140
666
AAB
DDE
DDE
DDE
DDE
DDE
DDE
DDE
DDE
EEE
EEE
777
555
666
AAA
DDE
DDE
DDE
DDE
DDE
DDE
DDE
DDE
EEE
EEE
999
676
130
130
140
453
777
777
CCC
EDE
DDE
DDE
DDE
DDE
DDE
DDE
EEE
AAB
555
555
666
666
DDD
EDE
DDE
DDE
DDE
DDE
DDE
DDE
EEE
BBB
888
888
242
130
250
565
888
888
777
BBC
DDE
DDE
DDE
DDE
DDE
DDE
BBB
888
666
666
666
666
777
BBC
DDE
DDE
DDE
DDE
DDE
DDE
BBC
999
555
555
444
130
250
777
888
888
555
666
BBB
CCD
DDD
DDD
BBC
888
777
777
666
666
666
666
666
666
999
CCC
DDD
DDD
CCC
999
999
999
555
555
555
130
454
777
777
777
777
777
555
555
444
444
444
444
555
555
888
888
AAA
AAA
888
888
555
555
666
666
777
777
555
555
555
555
666
443
666
777
777
777
777
777
555
555
444
444
444
444
555
555
888
888
AAA
AAA
888
888
555
555
666
666
777
777
555
555
555
555
666
555
666
666
AAA
AAA
AAA
AAA
AAA
AAA
888
888
555
555
AAA
AAA
999
999
AAA
AAA
AAA
AAA
999
999
666
666
999
999
888
888
666
666
666
666
666
666
AAA
AAA
AAA
AAA
AAA
AAA
888
888
555
555
AAA
AAA
999
999
AAA
AAA
AAA
AAA
999
999
666
666
999
999
888
888
666
666
666
666
666
666
777
777
888
888
777
777
888
888
555
555
666
666
777
777
AAA
AAA
AAA
AAA
666
666
777
777
444
444
666
666
AAA
AAA
AAA
AAA
666
666
777
777
888
888
777
777
888
888
555
555
666
666
777
777
AAA
AAA
AAA
AAA
666
666
777
777
444
444
666
666
AAA
AAA
AAA
AAA
555
555
555
555
888
888
777
777
555
555
666
666
666
666
666
666
555
555
777
777
777
777
555
555
666
666
AAA
AAA
AAA
AAA
888
888
555
555
555
555
888
888
777
777
555
555
666
666
666
666
666
666
555
555
777
777
777
777
555
555
666
666
AAA
AAA
AAA
AAA
888
888
555
555
666
666
555
555
555
555
666
666
AAA
AAA
AAA
AAA
888
888
777
777
555
555
666
666
666
666
AAA
AAA
888
888
999
999
777
777
555
555
666
666
555
555
555
555
666
666
AAA
AAA
AAA
AAA
888
888
777
777
555
555
666
666
666
666
AAA
AAA
888
888
999
999
777
777
666
666
999
999
999
999
999
999
555
555
777
777
AAA
AAA
888
888
AAA
AAA
AAA
AAA
666
666
666
666
AAA
AAA
888
888
888
888
555
555
666
666
999
999
999
999
999
999
555
555
777
777
AAA
AAA
888
888
AAA
AAA
AAA
AAA
666
666
666
666
AAA
AAA
888
888
888
888
555
555
AAA
AAA
AAA
AAA
888
888
888
888
666
666
666
666
555
555
666
666
777
777
888
888
777
777
666
666
777
777
888
888
777
777
555
555
AAA
AAA
AAA
AAA
888
888
888
888
666
666
666
666
555
555
666
666
777
777
888
888
777
777
666
666
777
777
888
888
777
777
555
555
666
666
888
888
AAA
AAA
777
777
777
777
777
777
777
777
555
555
555
555
555
555
777
777
666
666
666
666
555
555
555
555
666
666
666
666
888
888
AAA
AAA
777
777
777
777
777
777
777
777
555
555
555
555
555
555
777
777
666
666
666
666
555
555
555
555
666
666
888
888
555
555
777
777
888
888
777
777
555
555
666
666
AAA
AAA
777
777
777
777
555
555
666
666
AAA
AAA
AAA
AAA
666
666
888
888
888
888
555
555
777
777
888
888
777
777
555
555
666
666
AAA
AAA
777
777
777
777
555
555
666
666
AAA
AAA
AAA
AAA
666
666
888
888
