240
240
130
130
240
240
140
140
130
130
130
130
240
240
020
020
130
130
240
140
240
240
130
130
240
240
030
030
250
250
130
130
240
240
130
130
240
240
140
140
130
130
130
130
250
240
020
030
130
130
240
240
240
240
130
130
240
240
030
030
250
250
130
130
130
130
140
140
250
250
020
020
130
130
240
240
140
140
130
130
130
130
240
240
240
240
130
130
250
250
030
030
130
130
240
240
130
130
140
140
250
250
020
020
130
130
240
240
140
140
130
240
130
130
240
240
240
240
130
130
250
250
030
030
130
130
240
240
130
130
130
130
140
140
240
240
120
120
130
130
240
240
130
130
240
720
720
240
140
140
240
240
250
250
250
250
020
020
140
140
130
130
130
130
140
140
240
240
120
120
130
020
240
240
130
130
684
720
720
240
140
140
240
240
250
250
250
250
020
020
140
140
240
240
130
130
130
130
240
240
130
130
130
130
120
120
140
140
730
520
520
020
130
130
250
250
240
250
140
140
250
250
130
130
240
240
130
130
130
130
240
240
130
130
130
130
020
120
140
140
720
130
020
020
130
130
250
250
240
240
140
140
250
250
130
130
130
130
130
130
130
130
250
250
240
240
240
240
140
140
130
130
720
250
240
240
250
250
130
130
250
250
130
130
250
250
130
130
130
130
130
130
130
130
250
250
240
240
240
911
911
911
720
720
520
720
720
720
720
250
130
130
250
250
130
130
250
250
130
130
140
140
130
130
130
130
130
130
911
B11
B11
F99
F99
B11
520
520
911
D12
D12
B11
B11
720
720
720
130
130
140
240
140
140
130
130
140
140
130
130
130
130
130
130
911
B11
B11
F99
F99
B11
520
520
911
D12
D12
B11
B11
720
720
720
130
130
140
140
140
140
130
130
250
250
130
130
130
130
911
911
B11
F12
F12
F56
F56
F99
F99
F99
F99
F56
F56
F12
F12
B11
720
720
720
130
130
130
130
130
130
130
250
250
130
130
130
130
911
911
B11
F12
F12
F56
F56
F99
F99
F99
F99
F56
F56
F12
F12
B11
720
720
720
130
130
130
130
130
130
130
130
130
140
140
130
130
911
911
B11
F12
F12
F12
F12
F12
F12
F12
F12
F12
F12
D12
D12
F12
B11
B11
720
240
250
250
130
130
130
130
130
130
140
140
130
130
911
911
B11
D12
D12
F12
F12
D12
F12
F12
D12
D12
D12
D12
D12
F12
D12
D12
500
240
250
250
130
130
130
130
020
020
140
140
250
250
911
911
B11
D12
D12
F12
F12
D12
F12
F12
D12
D12
D12
D12
D12
F12
D12
D12
500
251
120
120
240
240
240
240
020
020
140
140
250
250
720
720
B11
B11
B11
D12
D12
D12
B11
B11
B11
D12
D12
B11
B11
F12
D12
D12
500
351
120
130
240
240
240
240
130
130
240
240
020
020
720
720
B11
B11
B11
B11
B11
B11
B11
B11
D12
B11
B11
B11
B11
F12
B11
B11
500
240
240
240
130
130
130
130
130
130
240
240
020
020
720
720
B11
B11
B11
B11
B11
B11
B11
B11
D12
B11
B11
B11
B11
F12
B11
B11
500
241
240
240
130
130
130
130
240
240
240
240
140
140
240
240
720
B11
B11
B11
B11
D12
B11
B11
B11
B11
B11
D12
D12
B11
500
500
240
240
020
020
140
140
130
130
240
240
240
240
140
140
240
240
720
B11
B11
B11
B11
D12
B11
B11
B11
B11
B11
D12
D12
B11
500
500
240
240
020
020
140
140
130
130
130
130
030
030
240
250
140
140
720
911
911
B11
B11
B11
B11
B11
D12
D12
D12
B11
B11
911
500
500
140
140
140
140
140
140
130
130
130
130
030
030
250
250
140
140
120
500
500
911
911
B11
911
911
911
B11
B11
911
911
500
130
130
140
140
140
140
140
140
130
130
130
130
130
130
130
130
140
140
140
500
500
911
911
B11
911
911
911
B11
B11
911
911
500
240
240
140
140
130
130
020
020
140
140
130
130
130
130
130
130
140
140
140
140
240
500
500
720
720
720
720
500
500
500
511
030
240
240
140
140
130
130
020
020
140
140
240
240
240
240
020
020
240
240
240
240
250
250
130
130
240
240
140
140
130
130
240
240
140
140
130
130
240
240
130
130
140
140
240
240
240
240
020
020
240
240
240
240
250
250
130
130
240
240
140
140
130
130
240
240
140
140
130
130
240
240
130
130
130
140
120
120
250
250
130
130
130
130
130
130
140
140
250
250
250
250
240
240
130
130
120
120
240
240
130
130
240
240
240
240
250
250
020
020
250
250
130
130
130
130
130
130
140
140
250
250
250
250
240
240
130
130
120
120
240
240
130
130
240
240
240
240
250
250
250
250
130
130
130
130
130
130
250
250
250
250
140
140
140
140
250
250
020
020
130
130
250
250
140
140
140
140
130
130
130
130
250
250
130
130
130
130
130
130
250
250
250
250
140
140
140
140
250
250
020
020
130
130
250
250
140
140
140
140
130
130
130
130
