777
777
666
666
666
666
BBB
BBB
AAA
AAA
777
777
666
565
676
343
130
130
240
240
240
240
130
130
240
240
130
130
250
250
130
130
777
777
666
666
666
666
BBB
BBB
AAA
AAA
777
777
777
777
AAA
AAA
888
676
240
240
240
240
130
130
240
240
130
130
250
250
130
130
888
888
666
666
AAA
AAA
AAA
AAA
888
888
666
666
AAA
AAA
888
888
BBB
BBB
888
676
453
240
130
130
250
250
030
030
130
130
240
240
888
888
666
666
AAA
AAA
AAA
AAA
888
888
666
666
AAA
AAA
888
888
BBB
BBB
888
888
888
777
242
130
250
250
030
030
130
130
240
240
666
666
AAA
AAA
777
777
777
777
777
777
555
555
AAA
AAA
999
999
777
777
777
777
888
AAB
CCD
DDE
DDE
CCD
AAA
564
020
020
140
140
666
666
AAA
AAA
777
777
777
777
777
777
555
555
AAA
AAA
999
999
777
777
777
888
CCD
DDE
EEE
EDE
DDE
DDE
DDE
CCD
676
020
140
140
666
666
666
666
999
999
777
777
777
777
555
555
777
777
888
888
888
888
888
CCC
EDE
DDE
DDE
DDE
CCC
889
778
AAA
BBC
464
130
130
666
666
666
666
999
999
777
777
777
777
555
555
777
777
888
888
888
888
999
DDE
DDE
DDE
DDE
BBC
444
111
111
111
667
899
130
130
999
999
AAA
AAA
555
555
555
555
555
555
555
555
666
666
777
777
555
555
BBC
DDE
DDE
DDE
DDE
888
111
111
111
111
212
899
140
130
999
999
AAA
AAA
555
555
555
555
555
555
555
555
666
666
777
777
555
555
CCD
DDE
DDE
DDE
DDE
556
111
111
111
111
111
889
140
130
AAA
AAA
777
777
777
777
AAA
AAA
AAA
AAA
AAA
AAA
666
666
555
555
666
666
DDE
DDE
DDE
DDE
DDE
888
111
111
111
111
112
AAA
343
130
AAA
AAA
777
777
777
777
AAA
AAA
AAA
AAA
AAA
AAA
666
666
555
555
666
666
DDD
DDE
DDE
DDE
DDE
CCD
445
111
111
111
777
BBC
565
130
777
777
888
888
555
555
999
999
888
888
777
777
777
777
666
666
666
666
777
DDE
DDE
DDE
DDE
DDE
CCD
99A
888
AAA
DDD
99A
555
343
777
777
888
888
555
555
999
999
888
888
777
777
777
777
666
666
666
666
666
AAB
EEE
EEE
DDE
DDE
DDE
DDE
DDE
EEE
CCC
666
555
444
777
777
777
777
777
777
555
555
444
444
444
444
555
555
888
888
AAA
AAA
888
888
AAB
EEE
EEF
EEF
EEF
EEF
EEF
BBC
667
555
666
666
777
777
777
777
777
777
555
555
444
444
444
444
555
555
888
888
AAA
AAA
888
888
555
777
BBB
DDD
DDD
CCC
888
555
555
555
666
666
666
666
AAA
AAA
AAA
AAA
AAA
AAA
888
888
555
555
AAA
AAA
999
999
AAA
AAA
AAA
AAA
999
999
666
666
999
999
888
888
666
666
666
666
666
666
AAA
AAA
AAA
AAA
AAA
AAA
888
888
555
555
AAA
AAA
999
999
AAA
AAA
AAA
AAA
999
999
666
666
999
999
888
888
666
666
666
555
666
666
777
777
888
888
777
777
888
888
555
555
666
666
777
777
AAA
AAA
AAA
AAA
777
AAA
CCD
DDE
DDE
CCD
AAB
777
AAA
AAA
AAA
888
666
666
777
777
888
888
777
777
888
888
555
555
666
666
777
777
AAA
AAA
AAA
AAB
CCC
DDE
EEE
EDE
DDE
DDE
DDE
CCD
BBB
AAA
AAA
666
555
555
555
555
888
888
777
777
555
555
666
666
666
666
666
666
555
555
888
CCC
EDE
DDE
DDE
DDE
CCC
889
778
AAA
CCC
AAA
777
130
555
555
555
555
888
888
777
777
555
555
666
666
666
666
666
666
555
555
999
DDE
DDE
DDE
DDE
BBC
444
111
111
111
667
BBB
454
130
555
555
666
666
555
555
555
555
666
666
AAA
AAA
AAA
AAA
888
888
777
777
BBC
DDE
DDE
DDE
DDE
888
111
111
111
111
212
99A
130
130
555
555
666
666
555
555
555
555
666
666
AAA
AAA
AAA
AAA
888
888
777
777
CCD
DDE
DDE
DDE
DDE
556
111
111
111
111
111
889
130
130
666
666
999
999
999
999
999
999
555
555
777
777
AAA
AAA
888
888
AAA
AAA
DDD
DDE
DDE
DDE
DDE
888
111
111
111
111
112
99A
140
140
666
666
999
999
999
999
999
999
555
555
777
777
AAA
AAA
888
888
AAA
AAA
CCD
DDE
DDE
DDE
DDE
CCD
445
111
111
111
777
BBB
140
140
AAA
AAA
AAA
AAA
888
888
888
888
666
666
666
666
555
555
666
666
777
777
999
DDE
DDE
DDE
DDE
DDE
CCD
99A
888
AAA
DDD
889
140
140
AAA
AAA
AAA
AAA
888
888
888
888
666
666
666
666
555
555
666
666
777
777
888
BBB
EEE
EEE
DDE
DDE
DDE
DDE
DDE
EEE
BBC
231
130
140
666
666
888
888
AAA
AAA
777
777
777
777
777
777
777
777
555
555
555
555
555
666
BBB
EEE
EEF
EEF
EEF
EEF
EEF
BBC
464
240
250
250
666
666
888
888
AAA
AAA
777
777
777
777
777
777
777
777
555
555
555
555
555
444
343
555
AAA
CCD
CCD
BBB
787
351
240
240
250
250
888
888
555
555
777
777
888
888
777
777
555
555
666
666
AAA
AAA
676
565
130
020
130
130
250
250
140
140
140
140
130
130
130
130
888
888
555
555
777
777
888
888
777
777
555
555
666
555
676
342
250
250
020
020
130
130
250
250
130
140
140
140
130
130
130
130
